flowermd.base.simulation.Simulation.timestep flowermd.base.simulation.Simulation.tps md.compute.ThermodynamicQuantities.kinetic_temperature md.compute.ThermodynamicQuantities.potential_energy md.compute.ThermodynamicQuantities.kinetic_energy md.compute.ThermodynamicQuantities.volume md.compute.ThermodynamicQuantities.pressure md.pair.Ewald.energy md.pair.LJ.energy md.long_range.pppm.Coulomb.energy md.special_pair.Coulomb.energy md.special_pair.LJ.energy md.bond.Harmonic.energy md.angle.Harmonic.energy md.dihedral.OPLS.energy
                     0                                       0.00000                                        0.98792                                             27454.45202                                        1332.20789                                    77168.64579                                  0.01151                        -512.73687         -161.64956                -261.30040                      -1037.71709                   951.91800                432.86925              23205.05044              4838.01825       
                    100                                     207.62683                                       13.29089                                            15682.34679                                        17922.76704                                   60247.19215                                  0.48085                        -688.01567         -230.21136                -264.36145                      -1141.50347                  1732.62384               1609.96174              10929.74603              3734.10714       
                    200                                     274.73210                                       8.96589                                             23565.64625                                        12090.49994                                   45868.97009                                  0.42296                        -534.14667         -310.79435                -267.45583                       -924.52652                  2576.56950               3349.55255              14530.75460              5145.69298       
                    300                                     292.33677                                       15.18298                                            24760.56107                                        20474.24683                                   33982.27047                                  1.49457                        -597.50974          184.05514                -268.53110                       -888.38744                  3121.94326               6177.11903               9144.51105              7887.36087       
                    400                                     303.84327                                       16.23754                                            38211.19419                                        21896.32129                                   24350.03122                                  2.83592                        -586.33728         1771.83304                -271.66646                       -702.30504                  7642.84092               6515.11161              12873.53075              10968.18666      
                    500                                     315.19240                                       23.49142                                            49927.57186                                        31678.17757                                   16735.19025                                  4.87470                        -843.70489         2992.25229                -271.58579                       -735.88317                  10765.37450              6965.44597              17042.61486              14013.05808      
                    600                                     315.34482                                       37.15941                                            61141.70286                                        50109.46533                                   10900.68550                                  9.97114                        -802.56139         5409.60975                -273.17030                       -651.94534                  14848.32213              8966.64742              19393.01857              14251.78202      
                    700                                     315.26192                                       56.30216                                            75493.29520                                        75923.45713                                   6609.45488                                  22.26010                        -741.91410         12350.11175               -274.24611                       -679.50371                  15705.70433              14345.10340             20337.88934              14450.15030      
                    800                                     310.72990                                       96.20562                                            82789.87486                                        1.29733e+05                                   3624.43632                                  55.34819                        -648.84664         16244.46404               -276.75136                       -651.93240                  16348.01240              14959.53275             21598.04558              15217.35050      
                    900                                     295.59417                                      147.07590                                            85317.81061                                        1.98332e+05                                   1708.56774                                  142.88143                       -629.15088         19001.37633               -277.54336                       -742.45622                  14520.81269              17811.87233             20656.04489              14976.85483      
                    1000                                    268.53157                                      222.82053                                            1.13627e+05                                        3.00473e+05                                    624.78705                                  687.88447                       -384.91399         38424.57233               -278.16368                       -807.79850                  17429.32156              21283.56121             22685.88144              15274.87058      
                    1100                                    121.92376                                       1.50522                                             72256.24544                                        2029.78330                                     617.34919                                  213.06083                       -542.42459         19490.41435               -278.78536                       -809.97008                  11104.01022              12090.20935             17106.88685              14095.90470      
                    1200                                    124.17250                                       0.56851                                             62723.98774                                         766.63632                                     617.34919                                  178.78484                       -550.85691         16430.03035               -278.92951                       -815.34830                  9379.12484               9700.09350              15151.18772              13708.68604      
                    1300                                    130.81679                                       0.50628                                             56316.60369                                         682.71358                                     617.34919                                  159.02908                       -570.35712         14329.00176               -279.00235                       -817.17902                  8324.24348               7982.01310              13806.47764              13541.40619      
                    1400                                    134.58340                                       0.51275                                             50702.21278                                         691.44593                                     617.34919                                  142.12269                       -635.35553         12500.46729               -279.11859                       -818.69506                  7455.22131               6560.09940              12486.01064              13433.58331      
                    1500                                    134.95690                                       0.50477                                             45787.07608                                         680.68200                                     617.34919                                  126.69850                       -640.24589         10868.40651               -279.24275                       -822.18053                  6692.61334               5408.49880              11232.19447              13327.03212      
                    1600                                    136.57486                                       0.52313                                             41438.56905                                         705.43647                                     617.34919                                  113.14852                       -654.02741         9446.55589                -279.41505                       -824.07085                  5997.35222               4431.18499              10090.13133              13230.85793      
                    1700                                    138.20365                                       0.55266                                             37637.05760                                         745.26225                                     617.34919                                  101.29836                       -678.81870         8220.21863                -279.45221                       -830.58431                  5364.43819               3639.71476               9039.07804              13162.46320      
                    1800                                    139.35162                                       0.59393                                             34181.44508                                         800.91701                                     617.34919                                  90.00018                        -690.27301         7070.22787                -279.49586                       -838.01305                  4766.19393               2973.00880               8104.72338              13075.07302      
                    1900                                    139.62843                                       0.66743                                             31095.07714                                         900.02726                                     617.34919                                  79.85218                        -699.22822         6019.63216                -279.43882                       -844.03474                  4237.08844               2417.85812               7255.88345              12987.31676      
                    2000                                    140.57029                                       0.76612                                             28162.96831                                        1033.11837                                     617.34919                                  70.28178                        -729.23607         5043.21351                -279.36991                       -850.84023                  3746.24737               1942.43813               6430.21788              12860.29762      
                    2100                                    141.06306                                       0.83532                                             25449.94598                                        1126.43053                                     617.34919                                  61.37514                        -722.52711         4164.61442                -279.20312                       -857.26767                  3301.85064               1521.51617               5670.25932              12650.70334      
                    2200                                    141.91390                                       0.86862                                             23012.65951                                        1171.33115                                     617.34919                                  54.05745                        -751.55302         3410.32782                -279.03528                       -864.68232                  2927.90416               1198.44771               4933.36778              12437.88264      
                    2300                                    142.51951                                       0.89557                                             20761.68537                                        1207.67084                                     617.34919                                  47.21525                        -759.86181         2744.29855                -278.86026                       -871.85416                  2618.10404                920.81229               4303.18451              12085.86222      
                    2400                                    143.13346                                       0.88030                                             18853.29169                                        1187.08927                                     617.34919                                  41.89232                        -772.52484         2241.57203                -278.63119                       -884.21462                  2361.48700                725.56043               3747.00769              11713.03519      
                    2500                                    143.21154                                       0.90639                                             17166.26729                                        1222.26189                                     617.34919                                  37.28990                        -771.36302         1778.04608                -278.41519                       -890.03479                  2158.00686                580.22644               3341.21284              11248.58809      
                    2600                                    143.58191                                       0.94926                                             15618.03911                                        1280.08002                                     617.34919                                  33.12981                        -757.20953         1399.96236                -278.18700                       -897.35387                  1979.12268                455.97620               2955.29881              10760.42948      
                    2700                                    143.80234                                       0.99847                                             13977.60355                                        1346.43295                                     617.34919                                  28.61178                        -827.66521         1038.47691                -277.94332                       -900.39825                  1801.70073                382.58000               2531.91372              10228.93897      
                    2800                                    144.26608                                       0.92171                                             12727.46082                                        1242.93159                                     617.34919                                  25.70308                        -762.95233          801.05797                -277.62643                       -904.10056                  1685.36629                327.15897               2156.43466              9702.12226       
                    2900                                    144.67555                                       0.87352                                             11618.51333                                        1177.94785                                     617.34919                                  22.26788                        -806.96446          578.73066                -277.43067                       -904.71332                  1591.50710                297.11301               1909.19540              9231.07562       
                    3000                                    145.12102                                       0.96464                                             10555.97885                                        1300.81938                                     617.34919                                  20.22941                        -874.59479          436.21911                -277.53478                       -906.17791                  1515.90517                278.09414               1651.17423              8732.89369       
                    3100                                    145.19873                                       1.02692                                             9600.92415                                         1384.80504                                     617.34919                                  18.44843                        -850.52474          291.50860                -277.56797                       -910.59443                  1466.04409                239.24058               1457.44332              8185.37470       
                    3200                                    145.52951                                       0.96205                                             8709.53748                                         1297.32799                                     617.34919                                  15.23067                        -879.93771          61.88821                 -277.50756                       -912.92334                  1399.76007                225.37803               1311.24342              7781.63636       
                    3300                                    145.88403                                       0.95997                                             7898.97048                                         1294.52270                                     617.34919                                  13.51137                        -884.70095         -111.99334                -277.54901                       -916.92646                  1348.74474                190.52339               1058.20603              7492.66607       
                    3400                                    146.24519                                       0.99897                                             7158.25543                                         1347.10856                                     617.34919                                  11.68955                        -848.32026         -205.04849                -277.54928                       -923.11298                  1287.38774                213.44884               802.50186               7108.94802       
                    3500                                    146.30782                                       0.93773                                             6509.83284                                         1264.53039                                     617.34919                                   9.85158                        -867.60522         -292.72280                -277.55794                       -924.30784                  1230.21716                159.65895               699.18071               6782.96983       
                    3600                                    146.53487                                       0.89445                                             6063.61939                                         1206.16086                                     617.34919                                   8.76880                        -852.71980         -337.96858                -277.63685                       -930.56122                  1196.19580                142.54137               638.05400               6485.71467       
                    3700                                    146.82686                                       0.95763                                             5687.38910                                         1291.36413                                     617.34919                                   8.59257                        -865.48109         -385.26797                -277.69070                       -927.86008                  1182.11319                143.88173               603.23326               6214.46075       
                    3800                                    146.89567                                       1.04836                                             5433.28454                                         1413.71784                                     617.34919                                   7.79125                        -802.12750         -398.86148                -277.72223                       -934.15940                  1155.55353                143.59472               559.59446               5987.41243       
                    3900                                    147.10009                                       1.04077                                             5116.47132                                         1403.47495                                     617.34919                                   8.07376                        -813.96838         -449.04576                -277.74863                       -935.11885                  1145.91739                128.54268               532.49546               5785.39740       
                    4000                                    147.46372                                       0.93860                                             4859.26165                                         1265.70206                                     617.34919                                   6.91422                        -814.78011         -476.80095                -277.81206                       -939.96055                  1132.97799                130.22229               476.51611               5628.89893       
                    4100                                    147.80376                                       0.93230                                             4673.62140                                         1257.20073                                     617.34919                                   6.39911                        -792.15708         -508.68984                -277.93389                       -939.11297                  1129.48481                121.90556               472.98990               5467.13491       
                    4200                                    147.97865                                       1.04171                                             4420.99027                                         1404.74816                                     617.34919                                   6.01729                        -837.53170         -549.87105                -277.92181                       -943.67207                  1118.52021                115.30976               447.80769               5348.34925       
                    4300                                    148.03230                                       1.06766                                             4219.82872                                         1439.73580                                     617.34919                                   5.74741                        -844.57192         -578.99199                -277.86642                       -944.87230                  1107.76689                109.98956               415.77922               5232.59568       
                    4400                                    147.86271                                       0.95904                                             4040.56271                                         1293.26151                                     617.34919                                   4.99720                        -889.39574         -610.41001                -277.69154                       -947.43239                  1096.75229                111.98123               393.46289               5163.29599       
                    4500                                    147.85277                                       0.95980                                             3902.44731                                         1294.28664                                     617.34919                                   4.90466                        -822.47872         -634.48788                -277.71492                       -949.70031                  1090.38206                101.05813               363.06344               5032.32552       
                    4600                                    147.64671                                       1.01751                                             3779.53199                                         1372.11466                                     617.34919                                   3.47322                        -773.50835         -652.91284                -277.65907                       -950.34528                  1068.23707                103.16040               330.67020               4931.88987       
                    4700                                    147.61684                                       1.04535                                             3645.89173                                         1409.65243                                     617.34919                                   3.52499                        -720.94060         -662.20457                -277.45259                       -953.19563                  1063.09089                103.18777               306.86769               4786.53878       
                    4800                                    147.62969                                       0.97646                                             3484.77054                                         1316.75539                                     617.34919                                   2.54247                        -750.89893         -673.53899                -277.47678                       -953.80813                  1057.16179                117.04457               310.70713               4655.57988       
                    4900                                    147.60919                                       0.96300                                             3334.41848                                         1298.61162                                     617.34919                                   2.36041                        -763.61157         -662.67556                -277.43626                       -954.14114                  1058.90429                120.45814               310.14770               4502.77290       
                    5000                                    147.59746                                       1.00844                                             3215.50204                                         1359.88654                                     617.34919                                   2.91244                        -757.57796         -641.67262                -277.44956                       -955.28353                  1061.32779                108.93462               307.60137               4369.62193       
                    5100                                    147.72438                                       1.05064                                             3044.81217                                         1416.78625                                     617.34919                                   3.11070                        -780.34505         -629.94814                -277.56710                       -955.84361                  1059.83709                95.16919                286.00083               4247.50897       
                    5200                                    147.84302                                       0.99384                                             2902.69790                                         1340.19401                                     617.34919                                   3.21063                        -797.88587         -616.76567                -277.52644                       -957.48216                  1056.59588                93.26970                272.06095               4130.43152       
                    5300                                    147.85765                                       0.94904                                             2764.26068                                         1279.78025                                     617.34919                                   3.44040                        -822.14816         -618.57666                -277.63723                       -959.43660                  1056.85384                89.60119                264.17906               4031.42524       
                    5400                                    147.85122                                       0.98805                                             2653.65849                                         1332.38308                                     617.34919                                   3.19504                        -823.03640         -609.63076                -277.65810                       -961.26638                  1046.91937                94.85398                263.91290               3919.56388       
                    5500                                    147.98054                                       1.02898                                             2482.25092                                         1387.58079                                     617.34919                                   3.21943                        -911.54423         -594.71397                -277.58034                       -961.02834                  1048.65202                95.08655                271.32394               3812.05530       
                    5600                                    148.11201                                       1.01130                                             2376.70026                                         1363.73883                                     617.34919                                   3.02887                        -946.04364         -570.11045                -277.59078                       -961.67235                  1050.11518                97.00349                258.73523               3726.26358       
                    5700                                    148.25524                                       0.96276                                             2338.56920                                         1298.28100                                     617.34919                                   2.98037                        -931.32333         -543.00702                -277.55063                       -960.21372                  1048.59724                92.30011                269.21710               3640.54945       
                    5800                                    148.39470                                       0.95837                                             2316.63844                                         1292.35901                                     617.34919                                   2.74123                        -922.64801         -525.20700                -277.57165                       -961.88154                  1045.08490                102.07477               283.70823               3573.07874       
                    5900                                    148.44679                                       1.02303                                             2295.79564                                         1379.55624                                     617.34919                                   3.20940                        -916.41013         -520.87065                -277.59773                       -961.94604                  1043.86101                101.74599               293.78443               3533.22876       
                    6000                                    148.46890                                       1.03681                                             2278.67846                                         1398.13272                                     617.34919                                   3.18338                        -918.68817         -520.93253                -277.64619                       -964.41042                  1042.43179                106.10731               314.55749               3497.25918       
                    6100                                    148.62256                                       0.99070                                             2241.08798                                         1335.96128                                     617.34919                                   3.71835                        -933.08214         -527.28669                -277.78391                       -966.30027                  1045.93191                108.29543               340.94894               3450.36471       
                    6200                                    148.76182                                       0.98264                                             2224.27792                                         1325.08694                                     617.34919                                   3.45580                        -890.61336         -542.53398                -277.78504                       -968.81743                  1036.59997                105.54281               342.20190               3419.68305       
                    6300                                    148.86240                                       1.01964                                             2165.27620                                         1374.98227                                     617.34919                                   2.92500                        -866.47629         -548.58964                -277.71023                       -968.61027                  1028.49833                98.45698                323.29443               3376.41289       
                    6400                                    148.91256                                       1.01395                                             2076.78513                                         1367.30763                                     617.34919                                   2.75235                        -890.62185         -551.84981                -277.54820                       -969.90989                  1025.40278                99.59643                308.13419               3333.58148       
                    6500                                    149.06455                                       0.98145                                             2016.30665                                         1323.47877                                     617.34919                                   2.18179                        -898.94528         -542.22471                -277.51160                       -967.90419                  1023.75433                101.21218               305.95565               3271.97029       
                    6600                                    149.22375                                       0.98525                                             1902.08095                                         1328.60674                                     617.34919                                   1.67718                        -951.15161         -542.91789                -277.59484                       -967.88745                  1021.18436                104.40470               309.63908               3206.40461       
                    6700                                    149.33141                                       0.99516                                             1919.10589                                         1341.97734                                     617.34919                                   2.15345                        -902.68439         -541.15085                -277.62658                       -967.43769                  1025.97393                108.32088               319.03651               3154.67408       
                    6800                                    149.34316                                       1.03270                                             1862.55982                                         1392.59913                                     617.34919                                   1.83842                        -890.40113         -541.93934                -277.62213                       -970.58021                  1020.56127                112.70578               333.48440               3076.35118       
                    6900                                    149.47116                                       1.01941                                             1795.09592                                         1374.67530                                     617.34919                                   2.00232                        -871.11064         -543.62664                -277.57262                       -969.10519                  1015.12387                101.23086               348.83223               2991.32405       
                    7000                                    149.39655                                       0.95773                                             1771.41240                                         1291.50271                                     617.34919                                   1.59112                        -837.09913         -541.42598                -277.56097                       -970.88584                  1012.42015                101.86131               342.55628               2941.54659       
                    7100                                    149.41775                                       0.96700                                             1732.38410                                         1303.99996                                     617.34919                                   0.79641                        -822.77765         -538.84793                -277.69111                       -967.35432                  1002.90111                114.74921               342.28221               2879.12256       
                    7200                                    149.50041                                       1.02451                                             1717.51640                                         1381.55002                                     617.34919                                   0.86856                        -795.56712         -537.55492                -277.69140                       -970.28505                  1000.23979                116.69754               341.50316               2840.17440       
                    7300                                    149.54476                                       1.03066                                             1684.77278                                         1389.83921                                     617.34919                                   0.10168                        -810.41345         -548.41550                -277.77482                       -969.07135                   991.29904                125.69168               332.22689               2841.23029       
                    7400                                    149.48705                                       1.00240                                             1638.30315                                         1351.74109                                     617.34919                                  -0.31627                        -813.39939         -561.82194                -277.76763                       -972.01289                   984.07332                128.79541               311.55918               2838.87708       
                    7500                                    149.47594                                       0.99628                                             1561.89278                                         1343.48181                                     617.34919                                   0.13443                        -813.49229         -572.02033                -277.84494                       -971.76966                   984.10814                111.04983               289.46518               2812.39684       
                    7600                                    149.51052                                       0.98717                                             1479.26697                                         1331.19689                                     617.34919                                   0.43343                        -836.83388         -570.55722                -277.96346                       -973.10418                   982.72584                103.31364               286.68410               2765.00211       
                    7700                                    149.63123                                       0.98376                                             1431.17097                                         1326.59559                                     617.34919                                   1.31447                        -845.40091         -565.02976                -277.92461                       -974.31993                   989.03469                99.36776                293.30183               2712.14191       
                    7800                                    149.62686                                       1.00469                                             1390.21790                                         1354.82436                                     617.34919                                   1.51657                        -851.23090         -565.09199                -277.87459                       -972.70110                   990.79296                95.69183                296.43302               2674.19866       
                    7900                                    149.79832                                       1.01294                                             1402.67693                                         1365.95339                                     617.34919                                   1.20223                        -808.68373         -561.12149                -277.74168                       -974.32453                   987.42399                102.78030               283.31708               2651.02698       
                    8000                                    149.94449                                       0.99083                                             1390.00909                                         1336.13240                                     617.34919                                   1.18603                        -810.04432         -544.41047                -277.62161                       -972.36213                   986.64769                102.55168               284.81620               2620.43205       
                    8100                                    150.05152                                       0.97235                                             1370.47023                                         1311.21070                                     617.34919                                   1.10919                        -833.42762         -527.78889                -277.52853                       -974.31499                   984.91544                110.65160               295.01910               2592.94411       
                    8200                                    150.11808                                       1.00217                                             1390.92297                                         1351.43075                                     617.34919                                   1.15130                        -814.45244         -522.89275                -277.34351                       -973.63142                   983.16061                112.56012               320.22872               2563.29364       
                    8300                                    150.27439                                       1.03952                                             1394.40678                                         1401.78752                                     617.34919                                   1.77452                        -797.70333         -520.88029                -277.11914                       -975.78968                   986.60676                111.49939               334.04547               2533.74760       
                    8400                                    150.41838                                       1.01444                                             1325.64621                                         1367.96774                                     617.34919                                   1.15941                        -846.91333         -530.84539                -277.03894                       -975.75967                   982.37899                117.21597               355.94812               2500.66045       
                    8500                                    150.51891                                       0.97574                                             1273.16093                                         1315.77914                                     617.34919                                   1.08796                        -866.25865         -539.37906                -276.92693                       -975.86894                   986.47022                113.10951               371.30630               2460.70847       
                    8600                                    150.57313                                       0.98319                                             1303.36576                                         1325.83245                                     617.34919                                   1.08505                        -790.82733         -547.90928                -276.88608                       -976.59349                   985.93973                117.26867               364.07367               2428.29986       
                    8700                                    150.71013                                       1.01112                                             1292.31939                                         1363.50009                                     617.34919                                   1.15043                        -768.76088         -534.80814                -276.83588                       -975.84778                   986.59218                115.84970               355.51558               2390.61460       
                    8800                                    150.86841                                       1.00229                                             1291.99975                                         1351.58755                                     617.34919                                   1.45682                        -762.61843         -518.94334                -276.77154                       -976.80146                   988.99155                118.48599               348.10561               2371.55137       
                    8900                                    151.00427                                       0.99015                                             1303.73872                                         1335.22348                                     617.34919                                   1.43373                        -739.18117         -513.34816                -276.77521                       -976.62769                   983.96997                119.75131               353.22524               2352.72443       
                    9000                                    151.12636                                       0.98845                                             1284.58940                                         1332.92393                                     617.34919                                   1.27863                        -750.39655         -502.45710                -276.76033                       -978.46055                   978.06490                125.20465               369.40677               2319.98760       
                    9100                                    151.22927                                       1.00141                                             1289.62417                                         1350.39608                                     617.34919                                   1.52215                        -746.09960         -484.84651                -276.76373                       -976.06515                   977.98484                128.11722               373.54123               2293.75587       
                    9200                                    151.31816                                       1.01319                                             1299.11849                                         1366.28465                                     617.34919                                   1.16032                        -733.30756         -468.02140                -276.81404                       -976.69355                   978.49651                136.83029               380.39336               2258.23489       
                    9300                                    151.35830                                       1.00818                                             1269.84515                                         1359.53471                                     617.34919                                   1.36558                        -741.19629         -457.40398                -277.01641                       -973.82479                   978.84048                139.67734               402.37739               2198.39142       
                    9400                                    151.40857                                       1.01613                                             1162.27803                                         1370.24543                                     617.34919                                   2.00909                        -771.25968         -451.59140                -277.06907                       -977.35980                   978.61895                123.93482               385.27456               2151.72963       
                    9500                                    151.47113                                       0.99089                                             1127.70378                                         1336.21611                                     617.34919                                   2.07728                        -741.72403         -455.02847                -277.14719                       -977.89004                   974.03211                111.19332               386.08241               2108.18567       
                    9600                                    151.50223                                       0.97179                                             1027.54394                                         1310.45414                                     617.34919                                   1.97337                        -800.90456         -472.09621                -277.11048                       -978.65858                   974.67346                108.29574               404.84364               2068.50094       
                    9700                                    151.60200                                       0.98475                                             1078.69067                                         1327.94113                                     617.34919                                   1.36765                        -739.34033         -473.03282                -277.11667                       -978.32356                   972.57230                121.59675               428.03415               2024.30086       
                    9800                                    151.73297                                       1.00502                                             1076.71120                                         1355.26364                                     617.34919                                   0.43934                        -754.58333         -480.85294                -277.04937                       -977.07688                   965.16731                136.54884               462.29677               2002.26080       
                    9900                                    151.85433                                       1.00705                                             1083.68498                                         1358.00070                                     617.34919                                  -0.02179                        -774.23848         -496.03416                -277.01209                       -978.71084                   961.64633                139.68347               490.34718               2018.00357       
                   10000                                    151.94834                                       1.00288                                             1079.45945                                         1352.37937                                     617.34919                                  -0.67417                        -799.52784         -513.43041                -276.85943                       -980.17784                   953.85672                146.72311               502.54600               2046.32914       
                   10100                                    152.00945                                       1.00763                                             1033.80573                                         1358.78969                                     617.34919                                  -0.89022                        -839.71072         -514.51711                -276.75664                       -980.02734                   951.79332                142.19713               492.76320               2058.06389       
                   10200                                    152.08487                                       1.01943                                              975.50724                                         1374.70509                                     617.34919                                  -0.97022                        -855.91354         -524.07456                -276.76390                       -979.54199                   951.19424                138.07732               468.76130               2053.76836       
                   10300                                    152.12938                                       0.98400                                             1034.46028                                         1326.91840                                     617.34919                                  -0.23449                        -779.19150         -522.63966                -276.78740                       -978.11664                   959.90387                141.76718               452.54091               2036.98353       
                   10400                                    152.19653                                       0.94722                                             1127.54458                                         1277.33202                                     617.34919                                   0.63072                        -721.38037         -502.91770                -276.85461                       -978.21719                   968.95963                140.18211               456.62596               2041.14674       
                   10500                                    152.20036                                       0.99584                                             1123.51107                                         1342.89227                                     617.34919                                   1.79373                        -760.75881         -479.84243                -276.86268                       -978.17713                   981.22546                127.65029               447.32915               2062.94722       
                   10600                                    152.26780                                       1.07270                                             1108.25125                                         1446.53328                                     617.34919                                   1.73846                        -777.28021         -480.99865                -276.83203                       -978.64261                   981.50560                126.80634               445.87916               2067.81366       
                   10700                                    152.31725                                       1.01844                                             1136.80393                                         1373.36259                                     617.34919                                   1.70269                        -754.82778         -477.75796                -276.84717                       -976.80451                   982.44592                137.29391               446.05533               2057.24618       
                   10800                                    152.29395                                       0.93969                                             1131.06190                                         1267.17261                                     617.34919                                   1.02264                        -761.13992         -484.58481                -276.79575                       -978.07091                   974.46689                143.84772               440.65499               2072.68370       
                   10900                                    152.34900                                       0.97125                                             1087.07563                                         1309.73645                                     617.34919                                   0.71425                        -796.17577         -512.28013                -276.80772                       -977.73016                   971.26676                139.06167               429.84789               2109.89307       
                   11000                                    152.43144                                       1.05735                                             1092.95271                                         1425.83175                                     617.34919                                   0.54948                        -776.97380         -522.24977                -276.77080                       -981.65895                   963.59103                131.13298               415.12406               2140.75795       
